BootCurrent: 000A
Timeout: 1 seconds
BootOrder: 0001,000A,0008,0005,0006,0004,0000,0002,0003
Boot0000* CMP40 Unlock	HD(1,GPT,4f068d58-736c-4a61-994f-5e9132b1d92e,0x800,0x100000)/File(\EFI\CMP40\40HXUNLK.EFI)
      dp: 04 01 2a 00 01 00 00 00 00 08 00 00 00 00 00 00 00 00 10 00 00 00 00 00 58 8d 06 4f 6c 73 61 4a 99 4f 5e 91 32 b1 d9 2e 02 02 / 04 04 34 00 5c 00 45 00 46 00 49 00 5c 00 43 00 4d 00 50 00 34 00 30 00 5c 00 34 00 30 00 48 00 58 00 55 00 4e 00 4c 00 4b 00 2e 00 45 00 46 00 49 00 00 00 / 7f ff 04 00
Boot0001* Ubuntu	HD(1,GPT,4f068d58-736c-4a61-994f-5e9132b1d92e,0x800,0x100000)/File(\EFI\ubuntu\shimx64.efi)
      dp: 04 01 2a 00 01 00 00 00 00 08 00 00 00 00 00 00 00 00 10 00 00 00 00 00 58 8d 06 4f 6c 73 61 4a 99 4f 5e 91 32 b1 d9 2e 02 02 / 04 04 34 00 5c 00 45 00 46 00 49 00 5c 00 75 00 62 00 75 00 6e 00 74 00 75 00 5c 00 73 00 68 00 69 00 6d 00 78 00 36 00 34 00 2e 00 65 00 66 00 69 00 00 00 / 7f ff 04 00
Boot0002* UEFI OS	HD(1,GPT,a27a3bc0-1ca2-4aca-a3bc-43edfba30f69,0x800,0x100000)/File(\EFI\BOOT\BOOTX64.EFI)
      dp: 04 01 2a 00 01 00 00 00 00 08 00 00 00 00 00 00 00 00 10 00 00 00 00 00 c0 3b 7a a2 a2 1c ca 4a a3 bc 43 ed fb a3 0f 69 02 02 / 04 04 30 00 5c 00 45 00 46 00 49 00 5c 00 42 00 4f 00 4f 00 54 00 5c 00 42 00 4f 00 4f 00 54 00 58 00 36 00 34 00 2e 00 45 00 46 00 49 00 00 00 / 7f ff 04 00
Boot0003* Windows Boot Manager	HD(1,GPT,4f068d58-736c-4a61-994f-5e9132b1d92e,0x800,0x100000)/File(\EFI\MICROSOFT\BOOT\BOOTMGFW.EFI)
      dp: 04 01 2a 00 01 00 00 00 00 08 00 00 00 00 00 00 00 00 10 00 00 00 00 00 58 8d 06 4f 6c 73 61 4a 99 4f 5e 91 32 b1 d9 2e 02 02 / 04 04 46 00 5c 00 45 00 46 00 49 00 5c 00 4d 00 49 00 43 00 52 00 4f 00 53 00 4f 00 46 00 54 00 5c 00 42 00 4f 00 4f 00 54 00 5c 00 42 00 4f 00 4f 00 54 00 4d 00 47 00 46 00 57 00 2e 00 45 00 46 00 49 00 00 00 / 7f ff 04 00
Boot0004* ubuntu	HD(1,GPT,4f068d58-736c-4a61-994f-5e9132b1d92e,0x800,0x100000)/File(\EFI\UBUNTU\GRUBX64.EFI)
      dp: 04 01 2a 00 01 00 00 00 00 08 00 00 00 00 00 00 00 00 10 00 00 00 00 00 58 8d 06 4f 6c 73 61 4a 99 4f 5e 91 32 b1 d9 2e 02 02 / 04 04 34 00 5c 00 45 00 46 00 49 00 5c 00 55 00 42 00 55 00 4e 00 54 00 55 00 5c 00 47 00 52 00 55 00 42 00 58 00 36 00 34 00 2e 00 45 00 46 00 49 00 00 00 / 7f ff 04 00
Boot0005* Hard Drive 	BBS(HD,,0x0)0000474f00004e4fa7000000010000007300540058005200550049002000560036003000300020003200340030004700420000000501090002000000007fff040002010c00d041030a00000000010106000001010106000000031710000100000000000000000000007fff040001043600ef47642dc93ba041ac194d51d01b4ce6540058005200550049002000560036003000300020003200340030004700420000007fff04000000424f00004e4f99000000010000006f004100440041005400410020005300500036003000300000000501090002000000007fff040002010c00d041030a0000000001010600021f03120a000100ffff00007fff040001043e00ef47642dc93ba041ac194d51d01b4ce64600370039003200300032003000300037003900310033002000200020002000200020002000200000007fff04000000424f
      dp: 05 01 09 00 02 00 00 00 00 / 7f ff 04 00
    data: 00 00 47 4f 00 00 4e 4f a7 00 00 00 01 00 00 00 73 00 54 00 58 00 52 00 55 00 49 00 20 00 56 00 36 00 30 00 30 00 20 00 32 00 34 00 30 00 47 00 42 00 00 00 05 01 09 00 02 00 00 00 00 7f ff 04 00 02 01 0c 00 d0 41 03 0a 00 00 00 00 01 01 06 00 00 01 01 01 06 00 00 00 03 17 10 00 01 00 00 00 00 00 00 00 00 00 00 00 7f ff 04 00 01 04 36 00 ef 47 64 2d c9 3b a0 41 ac 19 4d 51 d0 1b 4c e6 54 00 58 00 52 00 55 00 49 00 20 00 56 00 36 00 30 00 30 00 20 00 32 00 34 00 30 00 47 00 42 00 00 00 7f ff 04 00 00 00 42 4f 00 00 4e 4f 99 00 00 00 01 00 00 00 6f 00 41 00 44 00 41 00 54 00 41 00 20 00 53 00 50 00 36 00 30 00 30 00 00 00 05 01 09 00 02 00 00 00 00 7f ff 04 00 02 01 0c 00 d0 41 03 0a 00 00 00 00 01 01 06 00 02 1f 03 12 0a 00 01 00 ff ff 00 00 7f ff 04 00 01 04 3e 00 ef 47 64 2d c9 3b a0 41 ac 19 4d 51 d0 1b 4c e6 46 00 37 00 39 00 32 00 30 00 32 00 30 00 30 00 37 00 39 00 31 00 33 00 20 00 20 00 20 00 20 00 20 00 20 00 20 00 20 00 00 00 7f ff 04 00 00 00 42 4f
Boot0006* Network Card 	BBS(Network,,0x0)0000474f00004e4fa5000000010000006b005200650061006c00740065006b0020005000580045002000420030003700200044003000300000000501090006000000007fff040001041a00ae84b11df581724e85442bab0c2cac5c0700000200007fff040001043c00ef47642dc93ba041ac194d51d01b4ce65200650061006c00740065006b0020005000580045002000420030003700200044003000300000007fff04000000424f
      dp: 05 01 09 00 06 00 00 00 00 / 7f ff 04 00
    data: 00 00 47 4f 00 00 4e 4f a5 00 00 00 01 00 00 00 6b 00 52 00 65 00 61 00 6c 00 74 00 65 00 6b 00 20 00 50 00 58 00 45 00 20 00 42 00 30 00 37 00 20 00 44 00 30 00 30 00 00 00 05 01 09 00 06 00 00 00 00 7f ff 04 00 01 04 1a 00 ae 84 b1 1d f5 81 72 4e 85 44 2b ab 0c 2c ac 5c 07 00 00 02 00 00 7f ff 04 00 01 04 3c 00 ef 47 64 2d c9 3b a0 41 ac 19 4d 51 d0 1b 4c e6 52 00 65 00 61 00 6c 00 74 00 65 00 6b 00 20 00 50 00 58 00 45 00 20 00 42 00 30 00 37 00 20 00 44 00 30 00 30 00 00 00 7f ff 04 00 00 00 42 4f
Boot0007  Hard Drive 	BBS(HD,,0x0)0000474f00004e4f99000000010000006f004100440041005400410020005300500036003000300000000501090002000000007fff040002010c00d041030a0000000001010600021f03120a000100ffff00007fff040001043e00ef47642dc93ba041ac194d51d01b4ce64600370039003200300032003000300037003900310033002000200020002000200020002000200000007fff04000000424f00004e4fa7000000010000007300540058005200550049002000560036003000300020003200340030004700420000000501090002000000007fff040002010c00d041030a00000000010106000001010106000000031710000100000000000000000000007fff040001043600ef47642dc93ba041ac194d51d01b4ce6540058005200550049002000560036003000300020003200340030004700420000007fff04000000424f
      dp: 05 01 09 00 02 00 00 00 00 / 7f ff 04 00
    data: 00 00 47 4f 00 00 4e 4f 99 00 00 00 01 00 00 00 6f 00 41 00 44 00 41 00 54 00 41 00 20 00 53 00 50 00 36 00 30 00 30 00 00 00 05 01 09 00 02 00 00 00 00 7f ff 04 00 02 01 0c 00 d0 41 03 0a 00 00 00 00 01 01 06 00 02 1f 03 12 0a 00 01 00 ff ff 00 00 7f ff 04 00 01 04 3e 00 ef 47 64 2d c9 3b a0 41 ac 19 4d 51 d0 1b 4c e6 46 00 37 00 39 00 32 00 30 00 32 00 30 00 30 00 37 00 39 00 31 00 33 00 20 00 20 00 20 00 20 00 20 00 20 00 20 00 20 00 00 00 7f ff 04 00 00 00 42 4f 00 00 4e 4f a7 00 00 00 01 00 00 00 73 00 54 00 58 00 52 00 55 00 49 00 20 00 56 00 36 00 30 00 30 00 20 00 32 00 34 00 30 00 47 00 42 00 00 00 05 01 09 00 02 00 00 00 00 7f ff 04 00 02 01 0c 00 d0 41 03 0a 00 00 00 00 01 01 06 00 00 01 01 01 06 00 00 00 03 17 10 00 01 00 00 00 00 00 00 00 00 00 00 00 7f ff 04 00 01 04 36 00 ef 47 64 2d c9 3b a0 41 ac 19 4d 51 d0 1b 4c e6 54 00 58 00 52 00 55 00 49 00 20 00 56 00 36 00 30 00 30 00 20 00 32 00 34 00 30 00 47 00 42 00 00 00 7f ff 04 00 00 00 42 4f
Boot0008* Ubuntu	HD(1,GPT,4f068d58-736c-4a61-994f-5e9132b1d92e,0x800,0x100000)/File(\EFI\UBUNTU\SHIMX64.EFI)
      dp: 04 01 2a 00 01 00 00 00 00 08 00 00 00 00 00 00 00 00 10 00 00 00 00 00 58 8d 06 4f 6c 73 61 4a 99 4f 5e 91 32 b1 d9 2e 02 02 / 04 04 34 00 5c 00 45 00 46 00 49 00 5c 00 55 00 42 00 55 00 4e 00 54 00 55 00 5c 00 53 00 48 00 49 00 4d 00 58 00 36 00 34 00 2e 00 45 00 46 00 49 00 00 00 / 7f ff 04 00
Boot000A* UEFI OS	HD(1,GPT,4f068d58-736c-4a61-994f-5e9132b1d92e,0x800,0x100000)/File(\EFI\BOOT\BOOTX64.EFI)
      dp: 04 01 2a 00 01 00 00 00 00 08 00 00 00 00 00 00 00 00 10 00 00 00 00 00 58 8d 06 4f 6c 73 61 4a 99 4f 5e 91 32 b1 d9 2e 02 02 / 04 04 30 00 5c 00 45 00 46 00 49 00 5c 00 42 00 4f 00 4f 00 54 00 5c 00 42 00 4f 00 4f 00 54 00 58 00 36 00 34 00 2e 00 45 00 46 00 49 00 00 00 / 7f ff 04 00
